1	2.9534
2	2.9584
3	2.9566
4	2.9666
5	2.9692
6	2.9695
7	2.9833
8	2.9807
9	2.9921
10	2.9949
11	2.9996
12	3.0085
13	3.0044
14	3.0079
15	3.0160
16	3.0250
17	3.0213
18	3.0292
19	3.0344
20	3.0407
21	3.0476
22	3.0488
23	3.0940
24	3.1019
25	3.1104
26	3.1106
27	3.1173
28	3.1198
29	3.1283
30	3.1293
31	3.1342
32	3.1401
33	3.1359
34	3.1412
35	3.1453
36	3.1503
37	3.1521
38	3.1500
39	3.1594
40	3.1673
41	3.1705
42	3.1730
43	3.1707
44	3.1749
45	3.1808
46	3.1806
47	3.1859
48	3.1903
49	3.1911
50	3.1914
51	3.1990
52	3.2037
53	3.2042
54	3.2091
55	3.2122
56	3.2125
57	3.2158
58	3.2146
59	3.2173
60	3.2228
61	3.2239
62	3.2254
63	3.2310
64	3.2363
65	3.2338
66	3.2381
67	3.2436
68	3.2413
69	3.2467
70	3.2473
71	3.2483
72	3.2495
73	3.2521
74	3.2527
75	3.2583
76	3.2615
77	3.2620
78	3.2638
79	3.2688
80	3.2687
81	3.2713
82	3.2749
83	3.2790
84	3.2807
85	3.2822
86	3.2890
87	3.2915
88	3.2912
89	3.2955
90	3.2951
91	3.2974
92	3.3044
93	3.3041
94	3.3068
95	3.3099
96	3.3121
97	3.3111
98	3.3142
99	3.3127
100	3.3113
101	3.3157
102	3.3121
103	3.3173
104	3.3181
105	3.3244
106	3.3283
107	3.3335
108	3.3349
109	3.3354
110	3.3396
111	3.3439
112	3.3435
113	3.3447
114	3.3442
115	3.3457
116	3.3451
117	3.3505
118	3.3478
119	3.3535
120	3.3532
121	3.3532
122	3.3551
123	3.3529
124	3.3571
125	3.3593
126	3.3597
127	3.3550
128	3.3620
129	3.3625
130	3.3577
131	3.3663
132	3.3622
133	3.3650
134	3.3671
135	3.3652
136	3.3658
137	3.3716
138	3.3703
139	3.3713
140	3.3705
141	3.3742
142	3.3743
143	3.3693
144	3.3716
145	3.3712
146	3.3755
147	3.3772
148	3.3771
149	3.3731
150	3.3809
151	3.3797
152	3.3802
153	3.3855
154	3.3826
155	3.3914
156	3.3843
157	3.3868
158	3.3911
159	3.3911
160	3.3944
161	3.3887
162	3.3913
163	3.3930
164	3.3932
165	3.3938
166	3.3962
167	3.3961
168	3.3976
169	3.4001
170	3.4002
171	3.4022
172	3.4018
173	3.3992
174	3.4000
175	3.4000
176	3.4034
177	3.4049
178	3.4090
179	3.4096
180	3.4058
181	3.4097
182	3.4130
183	3.4117
184	3.4114
185	3.4166
186	3.4171
187	3.4158
188	3.4173
189	3.4192
190	3.4215
191	3.4207
192	3.4238
193	3.4234
194	3.4256
195	3.4275
196	3.4293
197	3.4279
198	3.4298
199	3.4261
200	3.4247
201	3.4279
202	3.4261
203	3.4238
204	3.4243
205	3.4282
206	3.4279
207	3.4309
208	3.4277
209	3.4312
210	3.4300
211	3.4313
212	3.4318
213	3.4295
214	3.4325
215	3.4331
216	3.4358
217	3.4337
218	3.4362
219	3.4366
220	3.4407
221	3.4416
222	3.4424
223	3.4419
224	3.4494
225	3.4457
226	3.4484
227	3.4455
228	3.4489
229	3.4505
230	3.4512
231	3.4509
232	3.4508
233	3.4492
234	3.4527
235	3.4474
236	3.4486
237	3.4469
238	3.4406
239	3.4492
240	3.4445
241	3.4454
242	3.4536
243	3.4479
244	3.4518
245	3.4514
246	3.4519
247	3.4526
248	3.4495
249	3.4511
250	3.4481
251	3.4451
252	3.3339
253	3.1827
254	3.0832
255	3.0176
256	2.9791
257	2.9274
258	2.8870
259	2.8224
260	2.7708
261	2.7046
262	2.6601
263	3.2582
264	3.5021
265	3.6838
266	3.8539
267	3.9761
268	4.0960
269	4.2131
270	4.3087
271	4.4143
272	4.4891
273	4.5546
274	4.6199
275	4.6778
276	4.7269
277	4.7674
278	4.8111
279	4.8715
280	4.8972
281	4.9435
282	4.9632
283	4.9995
284	4.9997
285	5.0486
286	5.0638
287	5.0872
288	5.0853
289	5.1237
290	5.1382
291	5.1495
292	5.1592
293	5.1725
294	5.1934
295	5.2033
296	5.1910
297	5.2034
298	5.2238
299	5.2228
300	5.2256
301	5.2287
302	5.2496
303	5.2391
304	5.2469
305	5.2481
306	5.2506
307	5.2696
308	5.2664
309	5.2600
310	5.2654
311	5.2770
312	5.2680
313	5.2774
314	5.2908
315	5.2778
316	5.2798
317	5.2909
318	5.2928
319	5.3013
320	5.2987
321	5.3056
322	5.3037
323	5.3080
324	5.3139
325	5.3025
326	5.3037
327	5.2990
328	5.3130
329	5.3130
330	5.3200
331	5.3169
332	5.3087
333	5.3335
334	5.3223
335	5.3139
336	5.3176
337	5.3160
338	5.3353
339	5.3227
340	5.3251
341	5.3320
342	5.3297
343	5.3501
344	5.3405
345	5.3426
346	5.3435
347	5.3397
348	5.3453
349	5.3394
350	5.3509
351	5.3481
352	5.3518
353	5.3625
354	5.3520
355	5.3481
356	5.3463
357	5.3484
358	5.3581
359	5.3597
360	5.3631
361	5.3809
362	5.3637
363	5.3707
364	5.3600
365	5.3589
366	5.3614
367	5.3836
368	5.3724
369	5.3849
370	5.3873
371	5.3750
372	5.3762
373	5.3971
374	5.3828
375	5.3864
376	5.3916
377	5.3930
378	5.4024
379	5.3815
380	5.3882
381	5.4029
382	5.4105
383	5.3984
384	5.3971
385	5.3846
386	5.3983
387	5.4007
388	5.4065
389	5.4137
390	5.4195
391	5.4027
392	5.4111
393	5.3936
394	5.4142
395	5.4053
396	5.4115
397	5.4117
398	5.4379
399	5.4205
400	5.4263
401	5.4238
402	5.4340
403	5.4231
404	5.4162
405	5.4334
406	5.4274
407	5.4426
408	5.4288
409	5.4120
410	5.4334
411	5.4356
412	5.4385
413	5.4459
414	5.4306
415	5.4498
416	5.4483
417	5.4524
418	5.4488
419	5.4619
420	5.4317
421	5.4424
422	5.4445
423	5.4491
424	5.4588
425	5.4470
426	5.4613
427	5.4647
428	5.4396
429	5.4591
430	5.4500
431	5.4663
432	5.4516
433	5.4580
434	5.4525
435	5.4567
436	5.4561
437	5.4503
438	5.4691
439	5.4686
440	5.4608
441	5.4769
442	5.4719
443	5.4782
444	5.4837
445	5.4782
446	5.4822
447	5.4958
448	5.4904
449	5.4888
450	5.5024
451	5.4756
452	5.4716
453	5.4908
454	5.4770
455	5.4898
456	5.4946
457	5.4913
458	5.4906
459	5.4858
460	5.4864
461	5.4857
462	5.4809
463	5.4940
464	5.4988
465	5.5084
466	5.4900
467	5.5052
468	5.5057
469	5.5056
470	5.5002
471	5.4977
472	5.4964
473	5.4940
474	5.5097
475	5.5010
476	5.5070
477	5.5210
478	5.5210
479	5.5143
480	5.5130
481	5.5202
482	5.5117
483	5.5231
484	5.5172
485	5.5202
486	5.5212
487	5.5337
488	5.5359
489	5.5132
490	5.5162
491	5.5439
492	5.5258
493	5.5315
494	5.5303
495	5.5330
496	5.5278
497	5.5480
498	5.5209
499	5.5437
500	5.5404
